4 0.895647 0.102927 0.208706 0.194791
4 0.848507 0.277114 0.276119 0.209775
4 0.442413 0.794059 0.148010 0.333392
4 0.224751 0.787504 0.319652 0.245361
4 0.242164 0.583348 0.356965 0.166696
4 0.305597 0.455985 0.381841 0.140474
4 0.386443 0.315511 0.361940 0.211648
4 0.453607 0.234972 0.354478 0.159204
4 0.527612 0.148815 0.291045 0.181680
4 0.619652 0.085133 0.333333 0.159204
4 0.905099 0.422271 0.185323 0.114252
4 0.903731 0.554317 0.192537 0.093649
4 0.883333 0.653585 0.228856 0.134855
4 0.858458 0.837138 0.273632 0.322154