4 0.410696 0.207814 0.226368 0.134855
4 0.277612 0.374510 0.044776 0.235996
4 0.173134 0.253702 0.052239 0.219140
4 0.084826 0.139450 0.129353 0.226632
4 0.318035 0.130085 0.220149 0.114252
4 0.233458 0.039245 0.235075 0.067428
4 0.496517 0.320193 0.226368 0.116125
4 0.368408 0.458794 0.059701 0.202283
4 0.400124 0.584284 0.095771 0.292186
4 0.452363 0.726632 0.110697 0.232251
4 0.670647 0.691981 0.203980 0.125490
4 0.653234 0.608633 0.248756 0.082411
4 0.562438 0.410097 0.238806 0.089903
4 0.595398 0.469096 0.237562 0.132982
4 0.520149 0.833392 0.174129 0.217267